"[ 0.7575   0.75125  0.75925  0.7365   0.78025  0.6775   0.68175  0.65125
  0.6595   0.62125  0.71675]","[ 0.8125   0.84275  0.80775  0.86175  0.753    0.80575  0.79675  0.8555
  0.792    0.79725  0.5265 ]","[ 0.  0.  0.  0.  0.  0.  0.  0.  0.  0.  0.]","[ 0.  0.  0.  0.  0.  0.  0.  0.  0.  0.  0.]"
"[ 0.7575   0.75125  0.75925  0.7365   0.78025  0.6775   0.68175  0.65125
  0.6595   0.62125  0.71675]","[ 0.8125   0.84275  0.80775  0.86175  0.753    0.80575  0.79675  0.8555
  0.792    0.79725  0.5265 ]","[ 0.  0.  0.  0.  0.  0.  0.  0.  0.  0.  0.]","[ 0.  0.  0.  0.  0.  0.  0.  0.  0.  0.  0.]"
"[ 0.7575   0.75125  0.75925  0.7365   0.78025  0.6775   0.68175  0.65125
  0.6595   0.62125  0.71675]","[ 0.8125   0.84275  0.80775  0.86175  0.753    0.80575  0.79675  0.8555
  0.792    0.79725  0.5265 ]","[ 0.  0.  0.  0.  0.  0.  0.  0.  0.  0.  0.]","[ 0.  0.  0.  0.  0.  0.  0.  0.  0.  0.  0.]"
"[ 0.7575   0.75125  0.75925  0.7365   0.78025  0.6775   0.68175  0.65125
  0.6595   0.62125  0.71675]","[ 0.8125   0.84275  0.80775  0.86175  0.753    0.80575  0.79675  0.8555
  0.792    0.79725  0.5265 ]","[ 0.  0.  0.  0.  0.  0.  0.  0.  0.  0.  0.]","[ 0.  0.  0.  0.  0.  0.  0.  0.  0.  0.  0.]"
